0.652
0.778
0.836
0.512
0.315
0.663
0.605
0.326
0.315
0.244
0.882
0.326
0.581
0.534
0.663
0.721
0.825
0.534
0.849
0.373
0.466
0.395
0.175
0.964
0.616
0.104
0.022
0.592
0.348
0.652
0.348
0.115
0.197
0.268
0.663
0.208
0.384
0.789
0.745
0.732
0.699
0.452
0.466
0.545
0.477
0.162
0.140
0.441
1.000
0.803
0.674
0.315
0.362
0.441
0.268
0.605
0.140
0.488
0.000
0.208
0.523
0.545
0.058
0.441
0.047
0.419
0.268
0.208
0.488
0.326
0.348
0.836
0.068
0.638
0.373
0.348
0.674
0.279
0.233
0.268
0.162
0.255
0.255
0.652
0.825
0.068
0.348
